100 3.4907e-05
109 3.4425e-05
118 3.6925e-05
127 4.0092e-05
136 4.2907e-05
145 4.6758e-05
154 4.9536e-05
163 5.1814e-05
172 5.6758e-05
181 5.9832e-05
190 6.3332e-05
199 6.6739e-05
208 7.0072e-05
217 7.3628e-05
226 7.6535e-05
235 8.0017e-05
244 8.3109e-05
253 8.6386e-05
262 8.9331e-05
271 9.385e-05
280 9.7961e-05
289 0.000101054
298 0.000105368
307 0.000108572
316 0.000137923
325 0.000114923
334 0.000119571
343 0.000122164
352 0.000128016
361 0.000130664
370 0.000134589
379 0.00013746
388 0.000140997
397 0.000145144
406 0.000150034
415 0.0001542
424 0.000157423
433 0.000174848
442 0.000163311
451 0.000168107
460 0.000172441
469 0.000175237
478 0.000179403
487 0.000218254
496 0.000186255
505 0.000189051
514 0.000192273
523 0.000197495
532 0.000202106
541 0.000206644
550 0.000325141
559 0.000214625
568 0.000217143
577 0.000221125
586 0.00022631
595 0.000228532
604 0.00025842
613 0.000238291
622 0.000239846
631 0.000245457
640 0.000247698
649 0.000251513
658 0.000256976
667 0.000259828
676 0.000266179
685 0.000270956
694 0.00027266
703 0.000322548
712 0.00028153
721 0.000286364
730 0.000290308
739 0.000291975
748 0.000313345
757 0.000299345
766 0.00030403
775 0.000307512
784 0.000313123
793 0.00031764
802 0.000322844
811 0.000326641
820 0.000330436
829 0.000359029
838 0.000340436
847 0.000345011
856 0.000346751
865 0.000368917
874 0.000354825
883 0.000358103
892 0.000360251
901 0.000401657
910 0.000369899
919 0.000373677
928 0.000377362
937 0.000394305
946 0.000385065
955 0.000389806
964 0.000394028
973 0.000397935
982 0.000401565
991 0.000404657
1000 0.000457749
1009 0.00041188
1018 0.000418231
1027 0.000431397
1036 0.000424268
1045 0.000429361
1054 0.000435138
1063 0.000439546
1072 0.000443694
1081 0.000448249
1090 0.000455675
1099 0.00045773
1108 0.000461915
1117 0.000497785
1126 0.000468008
1135 0.000475415
1144 0.000476156
1153 0.000482637
1162 0.000485618
1171 0.0004901
1180 0.000493452
1189 0.000499007
1198 0.00050384
1207 0.000506267
1216 0.00050997
1225 0.000516673
1234 0.000518062
1243 0.000537154
1252 0.000526395
1261 0.00053047
1270 0.000533432
1279 0.000536599
1288 0.000542358
1297 0.000547395
1306 0.000551858
1315 0.000589524
1324 0.000563987
1333 0.000566895
1342 0.000570728
1351 0.00057782
1360 0.000580728
1369 0.000593468
1378 0.000593394
1387 0.00059669
1396 0.000597134
1405 0.000601264
1414 0.000605449
1423 0.000634985
1432 0.000615745
1441 0.000618745
1450 0.000626597
1459 0.00062593
1468 0.000629596
1477 0.000634171
1486 0.000642726
1495 0.000642782
1504 0.000674115
1513 0.000649911
1522 0.000673022
1531 0.000658078
1540 0.000659337
1549 0.000667873
1558 0.00067667
1567 0.000679429
1576 0.000685948
1585 0.000686003
1594 0.000691095
1603 0.000697892
1612 0.000701428
1621 0.000707891
1630 0.000711817
1639 0.00071615
1648 0.000720909
1657 0.000726372
1666 0.000729724
1675 0.00073528
1684 0.000742187
1693 0.000743334
1702 0.000755853
1711 0.000754908
1720 0.000754871
1729 0.000764686
1738 0.000760909
1747 0.00076702
1756 0.000773019
1765 0.000774649
1774 0.0008105
1783 0.000788945
1792 0.00079713
1801 0.000789204
1810 0.000794371
1819 0.000804296
1828 0.00080613
1837 0.000825981
1846 0.000815222
1855 0.000839629
1864 0.000828092
1873 0.000838406
1882 0.000834351
1891 0.000841425
1900 0.000841036
1909 0.000839166
1918 0.00086161
1927 0.000851925
1936 0.000865054
1945 0.000860666
1954 0.000871387
1963 0.000901609
1972 0.000879203
1981 0.000875369
1990 0.000878795
1999 0.000882776
2008 0.000921183
2017 0.000897609
2026 0.000895295
2035 0.00092322
2044 0.000902795
2053 0.00091709
2062 0.000916923
2071 0.000918979
2080 0.000923405
2089 0.000928182
2098 0.000948775
2107 0.000938423
2116 0.000944849
2125 0.000949867
2134 0.000959793
2143 0.000968404
2152 0.000968274
2161 0.000979274
2170 0.00102037
2179 0.000974849
2188 0.000990385
2197 0.00101922
2206 0.000991181
2215 0.000998348
2224 0.00100537
2233 0.00101072
2242 0.00101092
2251 0.00101803
2260 0.00102718
2269 0.0010275
2278 0.00103187
2287 0.00103157
2296 0.00107935
2305 0.0010397
2314 0.00104338
2323 0.00105301
2332 0.00106527
2341 0.00105718
2350 0.00106109
2359 0.00106318
2368 0.00108909
2377 0.00107692
2386 0.00108986
2395 0.00109938
2404 0.00111731
2413 0.00109694
2422 0.00110775
2431 0.00110514
2440 0.00111608
2449 0.0011254
2458 0.00112314
2467 0.00111962
2476 0.00112775
2485 0.00121547
2494 0.0011612
2503 0.00113616
2512 0.00114118
2521 0.00115651
2530 0.00118738
2539 0.00117508
2548 0.0011719
2557 0.00117636
2566 0.00117036
2575 0.00117282
2584 0.00118886
2593 0.00118316
2602 0.00119662
2611 0.00121351
2620 0.00120114
2629 0.0012101
2638 0.00123406
2647 0.00122458
2656 0.00122295
2665 0.00123399
2674 0.00124077
2683 0.00124901
2692 0.00125436
2701 0.00134939
2710 0.00127362
2719 0.00129392
2728 0.00126925
2737 0.00126153
2746 0.0012654
2755 0.00127032
2764 0.00127427
2773 0.00128473
2782 0.00131534
2791 0.00137575
2800 0.00132334
2809 0.00132045
2818 0.00130512
2827 0.00131804
2836 0.00131195
2845 0.00134223
2854 0.0013233
2863 0.0013531
2872 0.00133264
2881 0.00137984
2890 0.00135784
2899 0.00137452
2908 0.00140582
2917 0.00138162
2926 0.00136775
2935 0.0013686
2944 0.00138221
2953 0.00139662
2962 0.00139621
2971 0.00139867
2980 0.00139517
2989 0.00141023
2998 0.0014175
3007 0.00142487
3016 0.0013971
3025 0.001403
3034 0.00140649
3043 0.00142541
3052 0.00142317
3061 0.00141993
3070 0.00144575
3079 0.00144667
3088 0.00143987
3097 0.00145776
3106 0.00146474
3115 0.00149935
3124 0.001479
3133 0.00150767
3142 0.00149819
3151 0.00149041
3160 0.0015045
3169 0.00150141
3178 0.00150326
3187 0.00152645
3196 0.00154358
3205 0.00152226
3214 0.00150719
3223 0.00151491
3232 0.00152174
3241 0.00152063
3250 0.00152782
3259 0.00153213
3268 0.00153685
3277 0.0015408
3286 0.00155872
3295 0.00159065
3304 0.00158234
3313 0.00160706
3322 0.00158776
3331 0.00159856
3340 0.00158787
3349 0.00161498
3358 0.00162406
3367 0.00159046
3376 0.001643
3385 0.00159896
3394 0.00164176
3403 0.00174011
3412 0.00171065
3421 0.00162943
3430 0.00163274
3439 0.00166563
3448 0.00162882
3457 0.00167687
3466 0.00165817
3475 0.00168026
3484 0.00164639
3493 0.00165187
3502 0.00166267
3511 0.00166546
3520 0.00168087
3529 0.00170372
3538 0.00169435
3547 0.00168135
3556 0.00169242
3565 0.00172005
3574 0.00172011
3583 0.00170587
3592 0.00170894
3601 0.00171837
3610 0.00170781
3619 0.00173881
3628 0.00173524
3637 0.0017529
3646 0.00173533
3655 0.00173891
3664 0.00178
3673 0.0017714
3682 0.0018
3691 0.00176951
3700 0.00179783
3709 0.00182061
3718 0.00178837
3727 0.00177768
3736 0.00181922
3745 0.0018019
3754 0.00184718
3763 0.00181185
3772 0.00180837
3781 0.00182809
3790 0.00182964
3799 0.00202255
3808 0.00183894
3817 0.00188653
3826 0.00186005
3835 0.00184229
3844 0.00184283
3853 0.00184918
3862 0.0018412
3871 0.00184681
3880 0.0018902
3889 0.00192973
3898 0.00187081
3907 0.00187392
3916 0.00198247
3925 0.00191116
3934 0.00187268
3943 0.00193877
3952 0.00189468
3961 0.00190209
3970 0.00191727
3979 0.00192357
3988 0.00192722
3997 0.00192146
4006 0.00196847
4015 0.00191379
4024 0.00194118
4033 0.0019851
4042 0.00194642
4051 0.00198375
4060 0.00200549
4069 0.0019562
4078 0.0019604
4087 0.00200362
4096 0.00201332
4105 0.00204286
4114 0.0019814
4123 0.0020197
4132 0.00213877
4141 0.00206542
4150 0.00202503
4159 0.00202627
4168 0.00217484
4177 0.00202555
4186 0.00216314
4195 0.00225193
4204 0.00209669
4213 0.00211786
4222 0.00206353
4231 0.00206012
4240 0.0021863
4249 0.00210801
4258 0.00212395
4267 0.00222837
4276 0.00215319
4285 0.00211012
4294 0.00215606
4303 0.00216223
4312 0.00213773
4321 0.00218691
4330 0.00220512
4339 0.0021518
4348 0.00215453
4357 0.00216947
4366 0.00213267
4375 0.00214921
4384 0.00215091
4393 0.00225193
4402 0.00225365
4411 0.00228298
4420 0.00218288
4429 0.00216234
4438 0.00221628
4447 0.00222215
4456 0.00232206
4465 0.00231808
4474 0.00232111
4483 0.00221304
4492 0.00232428
4501 0.00228002
4510 0.00225248
4519 0.00236656
4528 0.00225719
4537 0.00235002
4546 0.00234863
4555 0.00228808
4564 0.0023383
4573 0.00236584
4582 0.00237578
4591 0.00230626
4600 0.00233484
4609 0.0022756
4618 0.00229447
4627 0.00237787
4636 0.00230887
4645 0.00241693
4654 0.00233184
4663 0.00239752
4672 0.00232304
4681 0.00247365
4690 0.00240985
4699 0.00236608
4708 0.00235528
4717 0.00236382
4726 0.00236345
4735 0.00250483
4744 0.00247824
4753 0.00248078
4762 0.00250448
4771 0.00247548
4780 0.00250426
4789 0.00244632
4798 0.00244989
4807 0.00246937
4816 0.0024872
4825 0.00247415
4834 0.0024908
4843 0.00254752
4852 0.00258226
4861 0.00250476
4870 0.00250629
4879 0.00257727
4888 0.00252916
4897 0.00255153
4906 0.00256172
4915 0.00261007
4924 0.002527
4933 0.00256968
4942 0.0025815
4951 0.00250239
4960 0.00256659
4969 0.00259635
4978 0.00268938
4987 0.00264425
4996 0.00262018
5005 0.00257877
5014 0.0025279
5023 0.00266438
5032 0.00261244
5041 0.00264762
5050 0.00265929
5059 0.00269075
5068 0.00264387
5077 0.00256861
5086 0.00266205
5095 0.0027561
5104 0.00273216
5113 0.00268496
5122 0.00259711
5131 0.00273661
5140 0.0027074
5149 0.00268896
5158 0.00278644
5167 0.00271811
5176 0.00272192
5185 0.00281108
5194 0.00282368
5203 0.00277707
5212 0.0026635
5221 0.00281244
5230 0.00278212
5239 0.00276947
5248 0.00275307
5257 0.00266929
5266 0.00271838
5275 0.00284047
5284 0.0027676
5293 0.00276758
5302 0.00289551
5311 0.00283851
5320 0.00280142
5329 0.00292056
5338 0.00275038
5347 0.00288086
5356 0.00288756
5365 0.00278884
5374 0.00290569
5383 0.00293799
5392 0.00279066
5401 0.00298251
5410 0.00280792
5419 0.00279931
5428 0.00289442
5437 0.0028634
5446 0.00287319
5455 0.00291442
5464 0.00285751
5473 0.00298199
5482 0.00284553
5491 0.00292919
5500 0.00290958
5509 0.00293969
5518 0.0029494
5527 0.00284497
5536 0.00281173
5545 0.00287373
5554 0.00295145
5563 0.00302889
5572 0.00303902
5581 0.00305313
5590 0.00297988
5599 0.00289373
5608 0.00309113
5617 0.00304763
5626 0.00287903
5635 0.00290349
5644 0.00305274
5653 0.00290167
5662 0.00304099
5671 0.00309219
5680 0.00302543
5689 0.00315045
5698 0.0029864
5707 0.00290486
5716 0.00310615
5725 0.00312447
5734 0.00310093
5743 0.00310389
5752 0.00304015
5761 0.00294612
5770 0.0030481
5779 0.00311823
5788 0.00315706
5797 0.00314706
5806 0.00315626
5815 0.00304862
5824 0.00310163
5833 0.00320641
5842 0.0031848
5851 0.0030488
5860 0.0030763
5869 0.00320022
5878 0.00314715
5887 0.00299451
5896 0.00300321
5905 0.00314648
5914 0.00305637
5923 0.00309128
5932 0.00306224
5941 0.00310558
5950 0.00308561
5959 0.00310524
5968 0.00307667
5977 0.00310782
5986 0.00308915
5995 0.00312974
6004 0.0031703
6013 0.00309563
6022 0.00321906
6031 0.00328683
6040 0.00331833
6049 0.00309598
6058 0.00318061
6067 0.00325385
6076 0.00316435
6085 0.00323868
6094 0.00309332
6103 0.00331352
6112 0.0032318
6121 0.00315576
6130 0.00318606
6139 0.0031545
6148 0.00319807
6157 0.00313511
6166 0.0031773
6175 0.00323848
6184 0.00316019
6193 0.00319902
6202 0.0032378
6211 0.0033647
6220 0.00321613
6229 0.00344361
6238 0.00321454
6247 0.00338831
6256 0.00325204
6265 0.00337029
6274 0.00337068
6283 0.00327679
6292 0.00344518
6301 0.00337063
6310 0.00338868
6319 0.00330279
6328 0.00325726
6337 0.00328357
6346 0.00345029
6355 0.00335516
6364 0.00347472
6373 0.00345557
6382 0.00329365
6391 0.00330987
6400 0.00333496
6409 0.00336705
6418 0.00350101
6427 0.00351111
6436 0.00348338
6445 0.00359346
6454 0.00356205
6463 0.00342896
6472 0.00354586
6481 0.00360564
6490 0.00337905
6499 0.00355464
6508 0.00350029
6517 0.00342294
6526 0.00339868
6535 0.00340642
6544 0.00358142
6553 0.00357134
6562 0.00346016
6571 0.00359355
6580 0.0035981
6589 0.00354955
6598 0.00362884
6607 0.00346364
6616 0.0034519
6625 0.00362512
6634 0.00355064
6643 0.00351098
6652 0.00360077
6661 0.00361888
6670 0.00347924
6679 0.00351098
6688 0.00350129
6697 0.00368236
6706 0.00364581
6715 0.00369488
6724 0.00361392
6733 0.00351553
6742 0.00353909
6751 0.00346925
6760 0.00365521
6769 0.0034704
6778 0.00367106
6787 0.00361792
6796 0.00359821
6805 0.00364718
6814 0.00357423
6823 0.00364829
6832 0.00356449
6841 0.00373741
6850 0.00375928
6859 0.00375967
6868 0.00375841
6877 0.00362708
6886 0.0038034
6895 0.00362086
6904 0.00358451
6913 0.00379671
6922 0.00376856
6931 0.003815
6940 0.00383525
6949 0.00365268
6958 0.0036214
6967 0.00367923
6976 0.00394045
6985 0.00379967
6994 0.00383545
7003 0.003893
7012 0.00382219
7021 0.00374208
7030 0.00374693
7039 0.00379182
7048 0.00386232
7057 0.00394685
7066 0.00371843
7075 0.00373134
7084 0.00397617
7093 0.00399356
7102 0.00404126
7111 0.0038668
7120 0.00372117
7129 0.0038778
7138 0.00400967
7147 0.003926
7156 0.00392991
7165 0.00381786
7174 0.00379017
7183 0.00373199
7192 0.00389128
7201 0.00376358
7210 0.00380249
7219 0.0037843
7228 0.00406574
7237 0.0039766
7246 0.00380482
7255 0.00376238
7264 0.00388439
7273 0.0039603
7282 0.00400746
7291 0.00391173
7300 0.00417115
7309 0.00378334
7318 0.00406748
7327 0.00376479
7336 0.00387661
7345 0.003874
7354 0.00407026
7363 0.00393082
7372 0.00401969
7381 0.0040395
7390 0.0038853
7399 0.00406544
7408 0.00413202
7417 0.00402091
7426 0.00389532
7435 0.00412159
7444 0.00410394
7453 0.00402763
7462 0.00408296
7471 0.00390556
7480 0.00407259
7489 0.00408385
7498 0.00425009
7507 0.00411083
7516 0.0040955
7525 0.00412481
7534 0.00416163
7543 0.00401911
7552 0.004142
7561 0.00416485
7570 0.00414553
7579 0.00421479
7588 0.003982
7597 0.00427538
7606 0.00400145
7615 0.00424496
7624 0.00415918
7633 0.00414072
7642 0.00406885
7651 0.00428955
7660 0.00420916
7669 0.00418085
7678 0.00414202
7687 0.00422479
7696 0.00427772
7705 0.00416296
7714 0.00430381
7723 0.00420446
7732 0.00423818
7741 0.00431138
7750 0.00420868
7759 0.00421807
7768 0.00407326
7777 0.00426542
7786 0.00428672
7795 0.00428942
7804 0.00415007
7813 0.00427744
7822 0.00416424
7831 0.00416529
7840 0.00431686
7849 0.00430866
7858 0.00430566
7867 0.00434927
7876 0.00432385
7885 0.00428585
7894 0.00419479
7903 0.00433898
7912 0.00448714
7921 0.00433705
7930 0.00418264
7939 0.00430981
7948 0.00420198
7957 0.00437194
7966 0.00435785
7975 0.00434755
7984 0.00443279
7993 0.00436183
8002 0.00442764
8011 0.00431855
8020 0.00451012
8029 0.00461738
8038 0.00442501
8047 0.0042517
8056 0.00433062
8065 0.00441868
8074 0.00424601
8083 0.00454225
8092 0.00438396
8101 0.00447218
8110 0.00439897
8119 0.00437546
8128 0.00445766
8137 0.00446545
8146 0.00450029
8155 0.00435677
8164 0.00465115
8173 0.0044886
8182 0.00452306
8191 0.00451858
8200 0.00449907
8209 0.00453582
8218 0.00444075
8227 0.0044809
8236 0.00446408
8245 0.00439929
8254 0.00442255
8263 0.00438101
8272 0.00450993
8281 0.00454662
8290 0.0046181
8299 0.00461878
8308 0.00467576
8317 0.00454053
8326 0.00446842
8335 0.00458301
8344 0.00443216
8353 0.00464282
8362 0.00464884
8371 0.00465239
8380 0.00443873
8389 0.00459877
8398 0.00452153
8407 0.00463782
8416 0.00463234
8425 0.00467221
8434 0.00471199
8443 0.00463238
8452 0.00465754
8461 0.00465202
8470 0.00481184
8479 0.00475806
8488 0.00470876
8497 0.00464356
8506 0.00457688
8515 0.00472471
8524 0.00473771
8533 0.00477335
8542 0.00472582
8551 0.00472419
8560 0.00482013
8569 0.00475822
8578 0.00475815
8587 0.00469754
8596 0.00472684
8605 0.0047785
8614 0.00490613
8623 0.00482087
8632 0.00474849
8641 0.00477661
8650 0.00496765
8659 0.00483604
8668 0.00477372
8677 0.00490667
8686 0.00491348
8695 0.00474563
8704 0.00479167
8713 0.00488241
8722 0.00490029
8731 0.00483306
8740 0.00485308
8749 0.00499163
8758 0.00480241
8767 0.00495724
8776 0.00501342
8785 0.00491261
8794 0.00487824
8803 0.00492204
8812 0.00494078
8821 0.0048802
8830 0.00502913
8839 0.00494996
8848 0.005022
8857 0.00503379
8866 0.00486572
8875 0.00494654
8884 0.0049997
8893 0.00498202
8902 0.00506287
8911 0.00512298
8920 0.00507272
8929 0.00498311
8938 0.00494628
8947 0.00483272
8956 0.00509633
8965 0.00510318
8974 0.00511168
8983 0.00506309
8992 0.00510924
9001 0.00518473
9010 0.00507448
9019 0.00505005
9028 0.00512973
9037 0.00517955
9046 0.00519603
9055 0.00509848
9064 0.00526247
9073 0.00509264
9082 0.00523421
9091 0.0049525
